0	0	413
1	413	3873
2	4286	4065
3	8351	3775
4	12126	982
5	13108	3047
6	16155	2455
7	18610	855
8	19465	1632
9	21097	1524
10	22621	2852
11	25473	1710
12	27183	1586
13	28769	3490
14	32259	1583
15	33842	1460
16	35302	189
17	35491	155
18	35646	185
19	35831	1341
20	37172	974
21	38146	1395
22	39541	2439
23	41980	2009
24	43989	124
25	44113	1717
26	45830	2379
27	48209	1886
28	50095	1606
29	51701	2171
30	53872	1487
31	55359	1436
32	56795	427
33	57222	568
34	57790	536
35	58326	317
36	58643	427
37	59070	317
38	59387	1662
39	61049	1491
40	62540	136
41	62676	209
42	62885	189
43	63074	259
44	63333	438
45	63771	125
46	63896	311
47	64207	125
48	64332	438
49	64770	302
50	65072	305
51	65377	123
52	65500	305
53	65805	302
54	66107	1320
55	67427	683
56	68110	800
57	68910	1241
58	70151	1387
59	71538	1371
60	72909	1491
61	74400	1509
62	75909	443
63	76352	1339
64	77691	119
65	77810	865
66	78675	1463
67	80138	271
68	80409	253
69	80662	271
70	80933	1493
71	82426	1616
72	84042	187
73	84229	379
74	84608	675
75	85283	1195
76	86478	1246
77	87724	1179
78	88903	128
79	89031	806
80	89837	380
81	90217	1192
82	91409	1127
83	92536	443
84	92979	439
85	93418	265
86	93683	1429
87	95112	1109
88	96221	1407
89	97628	1181
90	98809	1166
91	99975	440
92	100415	803
93	101218	1249
94	102467	1370
95	103837	939
96	104776	1124
97	105900	943
98	106843	1186
99	108029	1060
100	109089	350
101	109439	249
102	109688	1041
103	110729	1355
104	112084	1058
105	113142	935
106	114077	1067
107	115144	1243
108	116387	799
109	117186	1114
110	118300	421
111	118721	1058
112	119779	1283
113	121062	1061
114	122123	1062
115	123185	877
116	124062	808
117	124870	865
118	125735	747
119	126482	554
120	127036	430
121	127466	625
122	128091	501
123	128592	798
124	129390	875
125	130265	1052
126	131317	804
127	132121	930
128	133051	444
129	133495	120
130	133615	120
131	133735	444
132	134179	724
133	134903	606
134	135509	375
135	135884	251
136	136135	681
137	136816	747
138	137563	578
139	138141	430
140	138571	186
141	138757	501
142	139258	436
143	139694	312
144	140006	392
145	140398	789
146	141187	860
147	142047	493
148	142540	367
149	142907	440
150	143347	314
151	143661	863
152	144524	497
153	145021	127
154	145148	378
155	145526	311
156	145837	658
157	146495	754
158	147249	618
159	147867	752
160	148619	984
161	149603	425
162	150028	313
163	150341	378
164	150719	252
165	150971	873
166	151844	439
167	152283	315
168	152598	136
169	152734	423
170	153157	313
171	153470	449
172	153919	313
173	154232	690
174	154922	572
175	155494	677
176	156171	560
177	156731	494
178	157225	366
179	157591	158
180	157749	127
181	157876	158
182	158034	429
183	158463	379
184	158842	310
185	159152	549
186	159701	423
187	160124	189
188	160313	129
189	160442	189
190	160631	365
191	160996	253
192	161249	676
193	161925	441
194	162366	376
195	162742	126
196	162868	315
197	163183	682
198	163865	893
199	164758	699
200	165457	685
201	166142	497
202	166639	574
203	167213	464
204	167677	497
205	168174	315
206	168489	436
207	168925	310
208	169235	506
209	169741	440
210	170181	564
211	170745	369
212	171114	243
213	171357	794
214	172151	691
215	172842	740
216	173582	131
217	173713	121
218	173834	131
219	173965	378
220	174343	126
221	174469	564
222	175033	541
223	175574	376
224	175950	250
225	176200	445
226	176645	379
227	177024	127
228	177151	745
229	177896	502
230	178398	437
231	178835	375
232	179210	499
233	179709	567
234	180276	438
235	180714	377
236	181091	249
237	181340	736
238	182076	430
239	182506	315
240	182821	442
241	183263	562
242	183825	730
243	184555	502
244	185057	679
245	185736	444
246	186180	309
247	186489	309
248	186798	317
249	187115	314
250	187429	248
251	187677	436
252	188113	327
253	188440	435
254	188875	376
255	189251	246
256	189497	255
257	189752	185
258	189937	441
259	190378	257
260	190635	662
261	191297	245
262	191542	557
263	192099	266
264	192365	118
265	192483	379
266	192862	421
267	193283	311
268	193594	496
269	194090	493
270	194583	497
271	195080	367
272	195447	368
273	195815	120
274	195935	500
275	196435	489
276	196924	369
277	197293	125
278	197418	367
279	197785	245
280	198030	493
281	198523	437
282	198960	499
283	199459	370
284	199829	553
285	200382	133
286	200515	320
287	200835	251
288	201086	295
289	201381	217
290	201598	312
291	201910	313
292	202223	127
293	202350	187
294	202537	255
295	202792	436
296	203228	250
297	203478	426
298	203904	246
299	204150	429
300	204579	436
301	205015	145
302	205160	366
303	205526	126
304	205652	308
305	205960	311
306	206271	357
307	206628	119
308	206747	249
309	206996	313
310	207309	372
311	207681	119
312	207800	124
313	207924	382
314	208306	313
315	208619	301
316	208920	183
317	209103	377
318	209480	181
319	209661	305
320	209966	253
321	210219	250
322	210469	240
323	210709	244
324	210953	248
325	211201	243
326	211444	124
327	211568	235
328	211803	308
329	212111	190
330	212301	181
331	212482	374
332	212856	188
333	213044	132
334	213176	129
335	213305	226
336	213531	305
337	213836	275
338	214111	184
339	214295	123
340	214418	313
341	214731	248
342	214979	188
343	215167	164
344	215331	191
345	215522	250
346	215772	225
347	215997	314
348	216311	127
349	216438	189
350	216627	250
351	216877	127
352	217004	308
353	217312	241
354	217553	185
355	217738	251
356	217989	252
357	218241	251
358	218492	301
359	218793	126
360	218919	127
361	219046	309
362	219355	237
363	219592	255
364	219847	243
365	220090	312
366	220402	298
367	220700	289
368	220989	184
369	221173	188
370	221361	180
371	221541	127
372	221668	127
373	221795	127
374	221922	301
375	222223	127
376	222350	369
377	222719	184
378	222903	117
379	223020	144
380	223164	306
381	223470	235
382	223705	123
383	223828	184
384	224012	127
385	224139	127
386	224266	126
387	224392	128
388	224520	120
389	224640	126
390	224766	235
391	225001	125
392	225126	126
393	225252	130
394	225382	188
395	225570	125
396	225695	125
397	225820	182
398	226002	126
399	226128	245
400	226373	119
401	226492	123
402	226615	117
403	226732	170
404	226902	180
405	227082	122
406	227204	121
407	227325	123
408	227448	115
409	227563	173
410	227736	119
411	227855	111
412	227966	119
413	228085	117
414	228202	123
415	228325	112
416	228437	117
417	228554	113
418	228667	119
419	228786	190
420	228976	113
421	229089	249
422	229338	121
423	229459	121
424	229580	227
425	229807	113
426	229920	121
427	230041	132
428	230173	115
429	230288	113
430	230401	125
431	230526	119
432	230645	117
433	230762	117
434	230879	121
435	231000	113
436	231113	120
437	231233	113
438	231346	121
439	231467	117
440	231584	111
441	231695	119
442	231814	115
443	231929	120
444	232049	120
445	232169	121
446	232290	121
447	232411	170
448	232581	173
449	232754	113
450	232867	112
451	232979	420
452	233399	3937
453	237336	4065
454	241401	3775
455	245176	998
456	246174	3096
457	249270	2495
458	251765	855
459	252620	1632
460	254252	1524
461	255776	2897
462	258673	1738
463	260411	1612
464	262023	3490
465	265513	1583
466	267096	1460
467	268556	189
468	268745	157
469	268902	187
470	269089	1363
471	270452	990
472	271442	1418
473	272860	2479
474	275339	2009
475	277348	124
476	277472	1745
477	279217	2379
478	281596	1886
479	283482	1606
480	285088	2171
481	287259	1510
482	288769	1436
483	290205	434
484	290639	577
485	291216	545
486	291761	322
487	292083	434
488	292517	322
489	292839	1662
490	294501	1491
491	295992	136
492	296128	209
493	296337	191
494	296528	438
495	296966	127
496	297093	316
497	297409	127
498	297536	438
499	297974	307
500	298281	305
501	298586	123
502	298709	305
503	299014	307
504	299321	1341
505	300662	694
506	301356	813
507	302169	1261
508	303430	1387
509	304817	1393
510	306210	1515
511	307725	1509
512	309234	387
513	309621	366
514	309987	1242
515	311229	564
516	311793	1487
517	313280	274
518	313554	257
519	313811	274
520	314085	1517
521	315602	1642
522	317244	627
523	317871	686
524	318557	1214
525	319771	1246
526	321017	1325
527	322342	820
528	323162	386
529	323548	1211
530	324759	1127
531	325886	443
532	326329	439
533	326768	265
534	327033	1429
535	328462	1109
536	329571	1430
537	331001	1181
538	332182	1166
539	333348	447
540	333795	816
541	334611	1249
542	335860	1370
543	337230	954
544	338184	1142
545	339326	943
546	340269	1186
547	341455	1060
548	342515	356
549	342871	249
550	343120	1057
551	344177	1377
552	345554	1075
553	346629	950
554	347579	1084
555	348663	1263
556	349926	812
557	350738	1132
558	351870	427
559	352297	1075
560	353372	1283
561	354655	1061
562	355716	1062
563	356778	877
564	357655	821
565	358476	808
566	359284	759
567	360043	563
568	360606	437
569	361043	635
570	361678	509
571	362187	811
572	362998	889
573	363887	1052
574	364939	804
575	365743	945
576	366688	451
577	367139	122
578	367261	122
579	367383	451
580	367834	724
581	368558	606
582	369164	375
583	369539	251
584	369790	681
585	370471	759
586	371230	587
587	371817	437
588	372254	686
589	372940	443
590	373383	317
591	373700	398
592	374098	802
593	374900	874
594	375774	493
595	376267	367
596	376634	447
597	377081	319
598	377400	877
599	378277	505
600	378782	129
601	378911	378
602	379289	311
603	379600	658
604	380258	754
605	381012	618
606	381630	764
607	382394	1000
608	383394	432
609	383826	318
610	384144	378
611	384522	252
612	384774	887
613	385661	446
614	386107	320
615	386427	138
616	386565	423
617	386988	313
618	387301	456
619	387757	318
620	388075	690
621	388765	581
622	389346	688
623	390034	569
624	390603	502
625	391105	372
626	391477	160
627	391637	129
628	391766	160
629	391926	436
630	392362	385
631	392747	315
632	393062	558
633	393620	430
634	394050	192
635	394242	131
636	394373	192
637	394565	371
638	394936	257
639	395193	676
640	395869	441
641	396310	382
642	396692	128
643	396820	315
644	397135	693
645	397828	893
646	398721	710
647	399431	696
648	400127	505
649	400632	574
650	401206	464
651	401670	505
652	402175	320
653	402495	436
654	402931	310
655	403241	514
656	403755	440
657	404195	564
658	404759	375
659	405134	247
660	405381	794
661	406175	702
662	406877	752
663	407629	133
664	407762	123
665	407885	133
666	408018	384
667	408402	128
668	408530	573
669	409103	550
670	409653	376
671	410029	250
672	410279	445
673	410724	385
674	411109	129
675	411238	745
676	411983	558
677	412541	444
678	412985	375
679	413360	507
680	413867	576
681	414443	445
682	414888	377
683	415265	249
684	415514	748
685	416262	430
686	416692	320
687	417012	449
688	417461	571
689	418032	742
690	418774	502
691	419276	690
692	419966	451
693	420417	314
694	420731	309
695	421040	322
696	421362	314
697	421676	252
698	421928	443
699	422371	332
700	422703	442
701	423145	376
702	423521	246
703	423767	255
704	424022	188
705	424210	447
706	424657	261
707	424918	662
708	425580	249
709	425829	566
710	426395	270
711	426665	120
712	426785	385
713	427170	428
714	427598	316
715	427914	496
716	428410	501
717	428911	505
718	429416	367
719	429783	374
720	430157	122
721	430279	508
722	430787	490
723	431277	375
724	431652	127
725	431779	367
726	432146	245
727	432391	501
728	432892	444
729	433336	507
730	433843	376
731	434219	553
732	434772	133
733	434905	320
734	435225	255
735	435480	295
736	435775	217
737	435992	317
738	436309	318
739	436627	127
740	436754	187
741	436941	255
742	437196	436
743	437632	250
744	437882	426
745	438308	250
746	438558	436
747	438994	443
748	439437	147
749	439584	366
750	439950	126
751	440076	308
752	440384	311
753	440695	363
754	441058	121
755	441179	249
756	441428	318
757	441746	378
758	442124	121
759	442245	126
760	442371	377
761	442748	318
762	443066	301
763	443367	186
764	443553	383
765	443936	181
766	444117	310
767	444427	257
768	444684	254
769	444938	244
770	445182	244
771	445426	248
772	445674	243
773	445917	124
774	446041	239
775	446280	308
776	446588	193
777	446781	181
778	446962	374
779	447336	191
780	447527	134
781	447661	129
782	447790	226
783	448016	305
784	448321	275
785	448596	187
786	448783	125
787	448908	313
788	449221	252
789	449473	164
790	449637	194
791	449831	254
792	450085	115
793	450200	314
794	450514	129
795	450643	192
796	450835	254
797	451089	129
798	451218	313
799	451531	245
800	451776	249
801	452025	251
802	452276	252
803	452528	251
804	452779	306
805	453085	128
806	453213	127
807	453340	314
808	453654	241
809	453895	259
810	454154	247
811	454401	312
812	454713	303
813	455016	294
814	455310	187
815	455497	188
816	455685	183
817	455868	129
818	455997	127
819	456124	129
820	456253	129
821	456382	375
822	456757	187
823	456944	119
824	457063	146
825	457209	306
826	457515	239
827	457754	123
828	457877	187
829	458064	129
830	458193	129
831	458322	128
832	458450	130
833	458580	122
834	458702	126
835	458828	235
836	459063	127
837	459190	126
838	459316	132
839	459448	191
840	459639	127
841	459766	127
842	459893	185
843	460078	128
844	460206	249
845	460455	121
846	460576	125
847	460701	117
848	460818	173
849	460991	183
850	461174	124
851	461298	121
852	461419	123
853	461542	115
854	461657	176
855	461833	121
856	461954	111
857	462065	121
858	462186	117
859	462303	124
860	462427	123
861	462550	114
862	462664	119
863	462783	113
864	462896	119
865	463015	125
866	463140	193
867	463333	115
868	463448	253
869	463701	123
870	463824	123
871	463947	231
872	464178	113
873	464291	123
874	464414	134
875	464548	115
876	464663	115
877	464778	127
878	464905	121
879	465026	119
880	465145	117
881	465262	123
882	465385	115
883	465500	129
884	465629	115
885	465744	123
886	465867	119
887	465986	113
888	466099	119
889	466218	115
890	466333	122
891	466455	122
892	466577	121
893	466698	173
894	466871	234
895	467105	173
896	467278	1429
897	468707	658
898	469365	3490
899	472855	616
900	473471	367
901	473838	316
902	474154	125
903	474279	2171
904	476450	301
905	476751	178
906	476929	120
907	477049	1373
908	478422	1109
909	479531	187
910	479718	125
911	479843	496
912	480339	1115
913	481454	188
914	481642	430
915	482072	1246
916	483318	251
917	483569	1245
918	484814	820
919	485634	315
920	485949	126
921	486075	189
922	486264	181
923	486445	248
924	486693	1662
925	488355	368
926	488723	1387
927	490110	745
928	490855	794
929	491649	1886
930	493535	125
931	493660	436
932	494096	681
933	494777	544
934	495321	382
935	495703	1186
936	496889	377
937	497266	128
938	497394	185
939	497579	117
940	497696	367
941	498063	123
942	498186	126
943	498312	306
944	498618	662
945	499280	1491
946	500771	311
947	501082	186
948	501268	625
949	501893	310
950	502203	1318
951	503521	181
952	503702	371
953	504073	498
954	504571	187
955	504758	1606
956	506364	3775
957	510139	1578
958	511717	252
959	511969	319
960	512288	244
961	512532	308
962	512840	378
963	513218	198
964	513416	917
965	514333	313
966	514646	430
967	515076	943
968	516019	1221
969	517240	187
970	517427	4065
971	521492	809
972	522301	126
973	522427	244
974	522671	440
975	523111	1521
976	524632	1005
977	525637	126
978	525763	375
979	526138	1120
980	527258	754
981	528012	999
982	529011	427
983	529438	1312
984	530750	675
985	531425	752
986	532177	182
987	532359	506
988	532865	147
989	533012	381
990	533393	438
991	533831	858
992	534689	241
993	534930	119
994	535049	298
995	535347	237
996	535584	677
997	536261	257
998	536518	236
999	536754	501
1000	537255	125
1001	537380	492
1002	537872	182
1003	538054	497
1004	538551	127
1005	538678	127
1006	538805	808
1007	539613	1058
1008	540671	1192
1009	541863	1257
1010	543120	175
1011	543295	112
1012	543407	189
1013	543596	1124
1014	544720	125
1015	544845	691
1016	545536	863
1017	546399	519
1018	546918	124
1019	547042	2173
1020	549215	502
1021	549717	737
1022	550454	2376
1023	552830	437
1024	553267	184
1025	553451	851
1026	554302	1341
1027	555643	127
1028	555770	436
1029	556206	691
1030	556897	740
1031	557637	124
1032	557761	127
1033	557888	192
1034	558080	251
1035	558331	1195
1036	559526	622
1037	560148	1463
1038	561611	250
1039	561861	118
1040	561979	127
1041	562106	128
1042	562234	1177
1043	563411	995
1044	564406	377
1045	564783	1617
1046	566400	984
1047	567384	930
1048	568314	492
1049	568806	501
1050	569307	492
1051	569799	445
1052	570244	1249
1053	571493	1166
1054	572659	1191
1055	573850	121
1056	573971	1648
1057	575619	679
1058	576298	188
1059	576486	435
1060	576921	497
1061	577418	1348
1062	578766	253
1063	579019	122
1064	579141	501
1065	579642	179
1066	579821	870
1067	580691	189
1068	580880	247
1069	581127	800
1070	581927	673
1071	582600	189
1072	582789	429
1073	583218	123
1074	583341	313
1075	583654	873
1076	584527	312
1077	584839	186
1078	585025	381
1079	585406	680
1080	586086	568
1081	586654	127
1082	586781	3928
1083	590709	446
1084	591155	1299
1085	592454	126
1086	592580	803
1087	593383	567
1088	593950	127
1089	594077	386
1090	594463	3047
1091	597510	250
1092	597760	187
1093	597947	252
1094	598199	980
1095	599179	132
1096	599311	127
1097	599438	186
1098	599624	146
1099	599770	1395
1100	601165	245
1101	601410	804
1102	602214	254
1103	602468	127
1104	602595	441
1105	603036	320
1106	603356	177
1107	603533	313
1108	603846	997
1109	604843	246
1110	605089	1717
1111	606806	250
1112	607056	939
1113	607995	875
1114	608870	182
1115	609052	973
1116	610025	185
1117	610210	206
1118	610416	140
1119	610556	123
1120	610679	183
1121	610862	444
1122	611306	241
1123	611547	929
1124	612476	123
1125	612599	120
1126	612719	185
1127	612904	2324
1128	615228	808
1129	616036	502
1130	616538	312
1131	616850	501
1132	617351	128
1133	617479	314
1134	617793	726
1135	618519	1067
1136	619586	685
1137	620271	173
1138	620444	366
1139	620810	117
1140	620927	304
1141	621231	378
1142	621609	253
1143	621862	500
1144	622362	253
1145	622615	307
1146	622922	377
1147	623299	133
1148	623432	154
1149	623586	310
1150	623896	697
1151	624593	309
1152	624902	564
1153	625466	123
1154	625589	572
1155	626161	2913
1156	629074	437
1157	629511	118
1158	629629	608
1159	630237	123
1160	630360	156
1161	630516	125
1162	630641	186
1163	630827	1243
1164	632070	125
1165	632195	370
1166	632565	873
1167	633438	302
1168	633740	431
1169	634171	562
1170	634733	187
1171	634920	492
1172	635412	2521
1173	637933	497
1174	638430	440
1175	638870	799
1176	639669	747
1177	640416	421
1178	640837	437
1179	641274	1493
1180	642767	125
1181	642892	442
1182	643334	563
1183	643897	499
1184	644396	256
1185	644652	195
1186	644847	155
1187	645002	1116
1188	646118	436
1189	646554	500
1190	647054	312
1191	647366	244
1192	647610	556
1193	648166	1491
1194	649657	126
1195	649783	1557
1196	651340	188
1197	651528	865
1198	652393	734
1199	653127	235
1200	653362	133
1201	653495	428
1202	653923	126
1203	654049	683
1204	654732	117
1205	654849	181
1206	655030	187
1207	655217	442
1208	655659	177
1209	655836	250
1210	656086	135
1211	656221	127
1212	656348	125
1213	656473	121
1214	656594	118
1215	656712	222
1216	656934	283
1217	657217	16906
1218	674123	33463
1219	707586	18672
1220	726258	18678
1221	744936	9144
1222	754080	14227
1223	768307	7099
1224	775406	6250
1225	781656	7004
1226	788660	5355
1227	794015	1435
1228	795450	17116
1229	812566	4254
1230	816820	9933
1231	826753	4903
1232	831656	16687
1233	848343	17426
1234	865769	2504
1235	868273	4116
1236	872389	559
1237	872948	2570
1238	875518	729
1239	876247	686
1240	876933	727
1241	877660	493
1242	878153	429
1243	878582	650
1244	879232	623
1245	879855	123
1246	879978	125
1247	880103	123
1248	880226	450
1249	880676	337
1250	881013	113
1251	881126	1429
1252	882555	658
1253	883213	3490
1254	886703	616
1255	887319	367
1256	887686	316
1257	888002	125
1258	888127	2171
1259	890298	301
1260	890599	178
1261	890777	120
1262	890897	1373
1263	892270	1109
1264	893379	187
1265	893566	125
1266	893691	496
1267	894187	1115
1268	895302	188
1269	895490	430
1270	895920	1246
1271	897166	627
1272	897793	492
1273	898285	501
1274	898786	492
1275	899278	445
1276	899723	1249
1277	900972	1166
1278	902138	1191
1279	903329	519
1280	903848	124
1281	903972	2173
1282	906145	502
1283	906647	1245
1284	907892	820
1285	908712	315
1286	909027	126
1287	909153	189
1288	909342	181
1289	909523	248
1290	909771	1662
1291	911433	368
1292	911801	1387
1293	913188	745
1294	913933	794
1295	914727	1886
1296	916613	125
1297	916738	436
1298	917174	681
1299	917855	544
1300	918399	377
1301	918776	1186
1302	919962	377
1303	920339	128
1304	920467	185
1305	920652	117
1306	920769	367
1307	921136	123
1308	921259	126
1309	921385	306
1310	921691	662
1311	922353	1491
1312	923844	311
1313	924155	186
1314	924341	625
1315	924966	310
1316	925276	1318
1317	926594	181
1318	926775	371
1319	927146	498
1320	927644	187
1321	927831	1606
1322	929437	3775
1323	933212	1578
1324	934790	252
1325	935042	319
1326	935361	244
1327	935605	308
1328	935913	378
1329	936291	198
1330	936489	246
1331	936735	997
1332	937732	313
1333	938045	177
1334	938222	320
1335	938542	441
1336	938983	127
1337	939110	254
1338	939364	804
1339	940168	686
1340	940854	312
1341	94