0	0	27
1	27	29
2	56	29
3	85	28
4	113	28
5	141	28
6	169	28
7	197	28
8	225	28
9	253	28
10	281	28
11	309	28
12	337	28
13	365	28
14	393	28
15	421	28
16	449	28
17	477	27
18	504	28
19	532	28
20	560	28
21	588	28
22	616	28
23	644	28
24	672	27
25	699	28
26	727	28
27	755	28
28	783	28
29	811	28
30	839	28
31	867	28
32	895	27
33	922	27
34	949	27
35	976	27
36	1003	27
37	1030	27
38	1057	28
39	1085	28
40	1113	27
41	1140	28
42	1168	27
43	1195	27
44	1222	27
45	1249	28
46	1277	27
47	1304	28
48	1332	27
49	1359	27
50	1386	28
51	1414	27
52	1441	28
53	1469	27
54	1496	28
55	1524	28
56	1552	28
57	1580	28
58	1608	28
59	1636	28
60	1664	28
61	1692	28
62	1720	27
63	1747	28
64	1775	28
65	1803	28
66	1831	28
67	1859	28
68	1887	28
69	1915	28
70	1943	28
71	1971	28
72	1999	27
73	2026	27
74	2053	28
75	2081	28
76	2109	28
77	2137	28
78	2165	27
79	2192	28
80	2220	27
81	2247	28
82	2275	28
83	2303	27
84	2330	27
85	2357	27
86	2384	28
87	2412	28
88	2440	28
89	2468	28
90	2496	28
91	2524	27
92	2551	28
93	2579	28
94	2607	28
95	2635	28
96	2663	28
97	2691	28
98	2719	28
99	2747	28
100	2775	27
101	2802	27
102	2829	28
103	2857	28
104	2885	28
105	2913	28
106	2941	28
107	2969	28
108	2997	28
109	3025	28
110	3053	27
111	3080	28
112	3108	28
113	3136	28
114	3164	28
115	3192	28
116	3220	28
117	3248	28
118	3276	28
119	3304	27
120	3331	27
121	3358	28
122	3386	27
123	3413	28
124	3441	28
125	3469	28
126	3497	28
127	3525	28
128	3553	27
129	3580	28
130	3608	28
131	3636	27
132	3663	28
133	3691	28
134	3719	27
135	3746	27
136	3773	28
137	3801	28
138	3829	27
139	3856	27
140	3883	27
141	3910	27
142	3937	27
143	3964	27
144	3991	27
145	4018	28
146	4046	28
147	4074	27
148	4101	27
149	4128	27
150	4155	27
151	4182	28
152	4210	27
153	4237	27
154	4264	27
155	4291	27
156	4318	28
157	4346	28
158	4374	28
159	4402	28
160	4430	28
161	4458	27
162	4485	27
163	4512	27
164	4539	27
165	4566	28
166	4594	27
167	4621	27
168	4648	28
169	4676	27
170	4703	27
171	4730	27
172	4757	27
173	4784	28
174	4812	27
175	4839	28
176	4867	27
177	4894	27
178	4921	27
179	4948	27
180	4975	27
181	5002	27
182	5029	27
183	5056	27
184	5083	27
185	5110	27
186	5137	27
187	5164	27
188	5191	27
189	5218	27
190	5245	27
191	5272	27
192	5299	28
193	5327	27
194	5354	27
195	5381	27
196	5408	27
197	5435	28
198	5463	28
199	5491	28
200	5519	28
201	5547	27
202	5574	28
203	5602	27
204	5629	27
205	5656	27
206	5683	27
207	5710	27
208	5737	27
209	5764	27
210	5791	27
211	5818	27
212	5845	27
213	5872	28
214	5900	28
215	5928	28
216	5956	28
217	5984	27
218	6011	28
219	6039	27
220	6066	27
221	6093	27
222	6120	27
223	6147	27
224	6174	27
225	6201	27
226	6228	27
227	6255	27
228	6282	28
229	6310	27
230	6337	27
231	6364	27
232	6391	27
233	6418	27
234	6445	27
235	6472	27
236	6499	27
237	6526	28
238	6554	27
239	6581	27
240	6608	27
241	6635	27
242	6662	28
243	6690	27
244	6717	28
245	6745	27
246	6772	27
247	6799	27
248	6826	27
249	6853	27
250	6880	28
251	6908	27
252	6935	27
253	6962	27
254	6989	27
255	7016	27
256	7043	27
257	7070	28
258	7098	27
259	7125	27
260	7152	28
261	7180	28
262	7208	27
263	7235	27
264	7262	28
265	7290	27
266	7317	27
267	7344	27
268	7371	27
269	7398	27
270	7425	27
271	7452	27
272	7479	27
273	7506	28
274	7534	27
275	7561	27
276	7588	27
277	7615	28
278	7643	27
279	7670	27
280	7697	27
281	7724	27
282	7751	27
283	7778	27
284	7805	27
285	7832	27
286	7859	27
287	7886	27
288	7913	27
289	7940	27
290	7967	27
291	7994	27
292	8021	27
293	8048	27
294	8075	27
295	8102	27
296	8129	27
297	8156	27
298	8183	27
299	8210	27
300	8237	27
301	8264	28
302	8292	27
303	8319	28
304	8347	27
305	8374	27
306	8401	27
307	8428	28
308	8456	27
309	8483	27
310	8510	27
311	8537	28
312	8565	28
313	8593	27
314	8620	27
315	8647	27
316	8674	27
317	8701	27
318	8728	27
319	8755	27
320	8782	27
321	8809	27
322	8836	27
323	8863	27
324	8890	27
325	8917	27
326	8944	28
327	8972	27
328	8999	27
329	9026	27
330	9053	28
331	9081	27
332	9108	27
333	9135	27
334	9162	27
335	9189	28
336	9217	27
337	9244	27
338	9271	27
339	9298	28
340	9326	27
341	9353	27
342	9380	27
343	9407	27
344	9434	27
345	9461	27
346	9488	28
347	9516	27
348	9543	27
349	9570	27
350	9597	27
351	9624	28
352	9652	27
353	9679	27
354	9706	27
355	9733	27
356	9760	27
357	9787	27
358	9814	27
359	9841	28
360	9869	27
361	9896	27
362	9923	27
363	9950	27
364	9977	27
365	10004	27
366	10031	27
367	10058	28
368	10086	27
369	10113	27
370	10140	28
371	10168	27
372	10195	27
373	10222	27
374	10249	27
375	10276	27
376	10303	27
377	10330	27
378	10357	28
379	10385	28
380	10413	27
381	10440	28
382	10468	27
383	10495	27
384	10522	28
385	10550	27
386	10577	28
387	10605	27
388	10632	28
389	10660	28
390	10688	28
391	10716	28
392	10744	28
393	10772	28
394	10800	27
395	10827	28
396	10855	27
397	10882	28
398	10910	28
399	10938	28
400	10966	27
401	10993	28
402	11021	28
403	11049	28
404	11077	28
405	11105	28
406	11133	28
407	11161	28
408	11189	28
409	11217	28
410	11245	27
411	11272	27
412	11299	28
413	11327	27
414	11354	28
415	11382	27
416	11409	28
417	11437	27
418	11464	27
419	11491	27
420	11518	27
421	11545	28
422	11573	28
423	11601	27
424	11628	28
425	11656	27
426	11683	27
427	11710	27
428	11737	27
429	11764	27
430	11791	27
431	11818	27
432	11845	27
433	11872	27
434	11899	27
435	11926	27
436	11953	27
437	11980	27
438	12007	27
439	12034	27
440	12061	27
441	12088	27
442	12115	27
443	12142	27
444	12169	27
445	12196	27
446	12223	27
447	12250	27
448	12277	27
449	12304	27
450	12331	27
451	12358	27
452	12385	29
453	12414	29
454	12443	28
455	12471	28
456	12499	28
457	12527	28
458	12555	28
459	12583	28
460	12611	28
461	12639	28
462	12667	28
463	12695	28
464	12723	28
465	12751	28
466	12779	28
467	12807	28
468	12835	27
469	12862	28
470	12890	28
471	12918	28
472	12946	28
473	12974	28
474	13002	28
475	13030	27
476	13057	28
477	13085	28
478	13113	28
479	13141	28
480	13169	28
481	13197	28
482	13225	28
483	13253	27
484	13280	27
485	13307	27
486	13334	27
487	13361	27
488	13388	27
489	13415	28
490	13443	28
491	13471	27
492	13498	28
493	13526	27
494	13553	27
495	13580	28
496	13608	27
497	13635	28
498	13663	27
499	13690	27
500	13717	28
501	13745	27
502	13772	28
503	13800	27
504	13827	28
505	13855	28
506	13883	28
507	13911	28
508	13939	28
509	13967	28
510	13995	28
511	14023	28
512	14051	27
513	14078	27
514	14105	28
515	14133	27
516	14160	28
517	14188	28
518	14216	28
519	14244	28
520	14272	28
521	14300	28
522	14328	28
523	14356	28
524	14384	28
525	14412	28
526	14440	28
527	14468	28
528	14496	27
529	14523	28
530	14551	28
531	14579	27
532	14606	27
533	14633	27
534	14660	28
535	14688	28
536	14716	28
537	14744	28
538	14772	28
539	14800	27
540	14827	28
541	14855	28
542	14883	28
543	14911	28
544	14939	28
545	14967	28
546	14995	28
547	15023	28
548	15051	27
549	15078	27
550	15105	28
551	15133	28
552	15161	28
553	15189	28
554	15217	28
555	15245	28
556	15273	28
557	15301	28
558	15329	27
559	15356	28
560	15384	28
561	15412	28
562	15440	28
563	15468	28
564	15496	28
565	15524	28
566	15552	28
567	15580	27
568	15607	27
569	15634	28
570	15662	27
571	15689	28
572	15717	28
573	15745	28
574	15773	28
575	15801	28
576	15829	27
577	15856	28
578	15884	28
579	15912	27
580	15939	28
581	15967	28
582	15995	27
583	16022	27
584	16049	28
585	16077	28
586	16105	27
587	16132	27
588	16159	28
589	16187	27
590	16214	27
591	16241	27
592	16268	28
593	16296	28
594	16324	27
595	16351	27
596	16378	27
597	16405	27
598	16432	28
599	16460	27
600	16487	27
601	16514	27
602	16541	27
603	16568	28
604	16596	28
605	16624	28
606	16652	28
607	16680	28
608	16708	27
609	16735	27
610	16762	27
611	16789	27
612	16816	28
613	16844	27
614	16871	27
615	16898	28
616	16926	27
617	16953	27
618	16980	27
619	17007	27
620	17034	28
621	17062	27
622	17089	28
623	17117	27
624	17144	27
625	17171	27
626	17198	27
627	17225	27
628	17252	27
629	17279	27
630	17306	27
631	17333	27
632	17360	27
633	17387	27
634	17414	27
635	17441	27
636	17468	27
637	17495	27
638	17522	27
639	17549	28
640	17577	27
641	17604	27
642	17631	27
643	17658	27
644	17685	28
645	17713	28
646	17741	28
647	17769	28
648	17797	27
649	17824	28
650	17852	27
651	17879	27
652	17906	27
653	17933	27
654	17960	27
655	17987	27
656	18014	27
657	18041	27
658	18068	27
659	18095	27
660	18122	28
661	18150	28
662	18178	28
663	18206	28
664	18234	27
665	18261	28
666	18289	27
667	18316	27
668	18343	27
669	18370	27
670	18397	27
671	18424	27
672	18451	27
673	18478	27
674	18505	27
675	18532	28
676	18560	27
677	18587	27
678	18614	27
679	18641	27
680	18668	27
681	18695	27
682	18722	27
683	18749	27
684	18776	28
685	18804	27
686	18831	27
687	18858	27
688	18885	27
689	18912	28
690	18940	27
691	18967	28
692	18995	27
693	19022	27
694	19049	27
695	19076	27
696	19103	27
697	19130	28
698	19158	27
699	19185	27
700	19212	27
701	19239	27
702	19266	27
703	19293	27
704	19320	28
705	19348	27
706	19375	27
707	19402	28
708	19430	28
709	19458	27
710	19485	27
711	19512	28
712	19540	27
713	19567	27
714	19594	27
715	19621	27
716	19648	27
717	19675	27
718	19702	27
719	19729	27
720	19756	28
721	19784	27
722	19811	27
723	19838	27
724	19865	28
725	19893	27
726	19920	27
727	19947	27
728	19974	27
729	20001	27
730	20028	27
731	20055	27
732	20082	27
733	20109	27
734	20136	27
735	20163	27
736	20190	27
737	20217	27
738	20244	27
739	20271	27
740	20298	27
741	20325	27
742	20352	27
743	20379	27
744	20406	27
745	20433	27
746	20460	27
747	20487	27
748	20514	28
749	20542	27
750	20569	28
751	20597	27
752	20624	27
753	20651	27
754	20678	28
755	20706	27
756	20733	27
757	20760	27
758	20787	28
759	20815	28
760	20843	27
761	20870	27
762	20897	27
763	20924	27
764	20951	27
765	20978	27
766	21005	27
767	21032	27
768	21059	27
769	21086	27
770	21113	27
771	21140	27
772	21167	27
773	21194	28
774	21222	27
775	21249	27
776	21276	27
777	21303	28
778	21331	27
779	21358	27
780	21385	27
781	21412	27
782	21439	28
783	21467	27
784	21494	27
785	21521	27
786	21548	28
787	21576	27
788	21603	27
789	21630	27
790	21657	27
791	21684	27
792	21711	27
793	21738	27
794	21765	27
795	21792	27
796	21819	27
797	21846	28
798	21874	27
799	21901	27
800	21928	27
801	21955	27
802	21982	27
803	22009	27
804	22036	27
805	22063	28
806	22091	27
807	22118	27
808	22145	27
809	22172	27
810	22199	27
811	22226	27
812	22253	27
813	22280	28
814	22308	27
815	22335	27
816	22362	28
817	22390	27
818	22417	27
819	22444	27
820	22471	27
821	22498	27
822	22525	27
823	22552	28
824	22580	28
825	22608	27
826	22635	28
827	22663	27
828	22690	27
829	22717	28
830	22745	27
831	22772	28
832	22800	27
833	22827	28
834	22855	28
835	22883	28
836	22911	28
837	22939	28
838	22967	28
839	22995	27
840	23022	28
841	23050	27
842	23077	28
843	23105	28
844	23133	28
845	23161	27
846	23188	28
847	23216	28
848	23244	28
849	23272	28
850	23300	28
851	23328	28
852	23356	28
853	23384	28
854	23412	28
855	23440	27
856	23467	27
857	23494	28
858	23522	27
859	23549	27
860	23576	28
861	23604	27
862	23631	28
863	23659	27
864	23686	27
865	23713	28
866	23741	27
867	23768	27
868	23795	28
869	23823	28
870	23851	27
871	23878	28
872	23906	27
873	23933	27
874	23960	27
875	23987	27
876	24014	27
877	24041	27
878	24068	27
879	24095	27
880	24122	27
881	24149	27
882	24176	27
883	24203	27
884	24230	27
885	24257	27
886	24284	27
887	24311	27
888	24338	27
889	24365	27
890	24392	27
891	24419	27
892	24446	27
893	24473	27
894	24500	27
895	24527	27
896	24554	28
897	24582	28
898	24610	28
899	24638	28
900	24666	27
901	24693	27
902	24720	27
903	24747	28
904	24775	27
905	24802	27
906	24829	28
907	24857	28
908	24885	28
909	24913	27
910	24940	27
911	24967	27
912	24994	28
913	25022	27
914	25049	27
915	25076	28
916	25104	27
917	25131	28
918	25159	28
919	25187	27
920	25214	28
921	25242	27
922	25269	27
923	25296	27
924	25323	28
925	25351	27
926	25378	28
927	25406	28
928	25434	28
929	25462	28
930	25490	28
931	25518	27
932	25545	28
933	25573	27
934	25600	27
935	25627	28
936	25655	27
937	25682	27
938	25709	27
939	25736	28
940	25764	27
941	25791	27
942	25818	28
943	25846	27
944	25873	28
945	25901	28
946	25929	27
947	25956	27
948	25983	28
949	26011	27
950	26038	28
951	26066	27
952	26093	27
953	26120	27
954	26147	27
955	26174	28
956	26202	28
957	26230	28
958	26258	27
959	26285	27
960	26312	27
961	26339	27
962	26366	27
963	26393	27
964	26420	28
965	26448	27
966	26475	27
967	26502	28
968	26530	28
969	26558	27
970	26585	29
971	26614	28
972	26642	28
973	26670	27
974	26697	27
975	26724	28
976	26752	28
977	26780	28
978	26808	27
979	26835	28
980	26863	28
981	26891	28
982	26919	27
983	26946	28
984	26974	28
985	27002	28
986	27030	27
987	27057	27
988	27084	27
989	27111	27
990	27138	27
991	27165	28
992	27193	27
993	27220	28
994	27248	27
995	27275	27
996	27302	28
997	27330	27
998	27357	28
999	27385	27
1000	27412	27
1001	27439	27
1002	27466	28
1003	27494	27
1004	27521	27
1005	27548	27
1006	27575	28
1007	27603	28
1008	27631	28
1009	27659	28
1010	27687	28
1011	27715	27
1012	27742	27
1013	27769	28
1014	27797	28
1015	27825	28
1016	27853	28
1017	27881	27
1018	27908	27
1019	27935	28
1020	27963	27
1021	27990	28
1022	28018	28
1023	28046	27
1024	28073	27
1025	28100	28
1026	28128	28
1027	28156	28
1028	28184	27
1029	28211	28
1030	28239	28
1031	28267	28
1032	28295	27
1033	28322	27
1034	28349	27
1035	28376	28
1036	28404	28
1037	28432	28
1038	28460	27
1039	28487	28
1040	28515	27
1041	28542	27
1042	28569	28
1043	28597	28
1044	28625	27
1045	28652	28
1046	28680	28
1047	28708	28
1048	28736	27
1049	28763	27
1050	28790	27
1051	28817	27
1052	28844	28
1053	28872	28
1054	28900	28
1055	28928	27
1056	28955	28
1057	28983	28
1058	29011	27
1059	29038	27
1060	29065	27
1061	29092	28
1062	29120	27
1063	29147	27
1064	29174	27
1065	29201	27
1066	29228	28
1067	29256	27
1068	29283	27
1069	29310	28
1070	29338	28
1071	29366	27
1072	29393	27
1073	29420	28
1074	29448	27
1075	29475	28
1076	29503	27
1077	29530	27
1078	29557	27
1079	29584	28
1080	29612	27
1081	29639	27
1082	29666	29
1083	29695	27
1084	29722	28
1085	29750	27
1086	29777	28
1087	29805	27
1088	29832	27
1089	29859	27
1090	29886	28
1091	29914	27
1092	29941	27
1093	29968	27
1094	29995	28
1095	30023	27
1096	30050	28
1097	30078	28
1098	30106	27
1099	30133	28
1100	30161	27
1101	30188	28
1102	30216	27
1103	30243	28
1104	30271	27
1105	30298	27
1106	30325	27
1107	30352	27
1108	30379	28
1109	30407	27
1110	30434	28
1111	30462	27
1112	30489	28
1113	30517	28
1114	30545	27
1115	30572	28
1116	30600	28
1117	30628	28
1118	30656	28
1119	30684	28
1120	30712	27
1121	30739	27
1122	30766	27
1123	30793	28
1124	30821	27
1125	30848	28
1126	30876	27
1127	30903	28
1128	30931	28
1129	30959	27
1130	30986	27
1131	31013	27
1132	31040	27
1133	31067	27
1134	31094	28
1135	31122	28
1136	31150	28
1137	31178	28
1138	31206	27
1139	31233	28
1140	31261	27
1141	31288	27
1142	31315	27
1143	31342	27
1144	31369	27
1145	31396	27
1146	31423	27
1147	31450	28
1148	31478	28
1149	31506	27
1150	31533	28
1151	31561	27
1152	31588	27
1153	31615	28
1154	31643	27
1155	31670	28
1156	31698	27
1157	31725	28
1158	31753	28
1159	31781	28
1160	31809	28
1161	31837	28
1162	31865	27
1163	31892	28
1164	31920	27
1165	31947	27
1166	31974	28
1167	32002	27
1168	32029	27
1169	32056	27
1170	32083	27
1171	32110	27
1172	32137	28
1173	32165	27
1174	32192	27
1175	32219	28
1176	32247	28
1177	32275	27
1178	32302	27
1179	32329	28
1180	32357	28
1181	32385	27
1182	32412	27
1183	32439	27
1184	32466	27
1185	32493	27
1186	32520	27
1187	32547	28
1188	32575	27
1189	32602	27
1190	32629	27
1191	32656	27
1192	32683	27
1193	32710	28
1194	32738	28
1195	32766	28
1196	32794	27
1197	32821	28
1198	32849	28
1199	32877	28
1200	32905	28
1201	32933	27
1202	32960	27
1203	32987	28
1204	33015	28
1205	33043	27
1206	33070	28
1207	33098	27
1208	33125	27
1209	33152	27
1210	33179	27
1211	33206	27
1212	33233	28
1213	33261	27
1214	33288	27
1215	33315	28
1216	33343	28
1217	33371	29
1218	33400	29
1219	33429	29
1220	33458	29
1221	33487	30
1222	33517	29
1223	33546	30
1224	33576	30
1225	33606	30
1226	33636	29
1227	33665	28
1228	33693	29
1229	33722	29
1230	33751	30
1231	33781	29
1232	33810	29
1233	33839	29
1234	33868	28
1235	33896	29
1236	33925	27
1237	33952	28
1238	33980	28
1239	34008	28
1240	34036	28
1241	34064	27
1242	34091	27
1243	34118	28
1244	34146	28
1245	34174	28
1246	34202	28
1247	34230	27
1248	34257	28
1249	34285	28
1250	34313	27
1251	34340	28
1252	34368	28
1253	34396	28
1254	34424	28
1255	34452	27
1256	34479	27
1257	34506	27
1258	34533	28
1259	34561	27
1260	34588	27
1261	34615	28
1262	34643	28
1263	34671	28
1264	34699	27
1265	34726	27
1266	34753	27
1267	34780	28
1268	34808	27
1269	34835	27
1270	34862	28
1271	34890	28
1272	34918	27
1273	34945	27
1274	34972	27
1275	34999	27
1276	35026	28
1277	35054	28
1278	350